1000
1 5 335
1 7 794
1 9 365
1 15 398
1 24 980
1 25 504
1 31 546
1 37 821
1 41 130
1 42 9
1 48 269
1 52 737
1 53 179
1 54 522
1 55 593
1 59 78
1 60 507
1 62 23
1 63 222
1 64 49
1 69 79
1 73 514
1 77 928
1 81 396
1 85 873
1 87 150
1 88 624
1 94 789
1 100 232
2 9 531
2 20 668
2 23 81
2 24 974
2 29 710
2 33 791
2 45 109
2 58 7
2 65 887
2 69 71
2 75 746
2 78 751
2 81 850
2 91 48
2 92 12
2 96 305
3 7 117
3 12 993
3 18 324
3 19 749
3 22 812
3 29 511
3 30 246
3 31 624
3 37 4
3 41 89
3 43 210
3 45 487
3 48 362
3 55 958
3 69 801
3 78 537
3 79 908
3 82 333
3 89 205
3 90 4
3 91 590
3 93 857
4 8 112
4 13 298
4 16 863
4 19 925
4 33 135
4 34 163
4 41 898
4 43 425
4 45 253
4 49 136
4 52 929
4 54 748
4 58 726
4 61 759
4 63 205
4 64 773
4 70 403
4 83 138
4 87 159
4 99 134
5 6 960
5 7 635
5 12 929
5 15 664
5 17 802
5 18 610
5 20 407
5 22 608
5 25 61
5 28 352
5 29 209
5 37 641
5 39 254
5 41 957
5 43 359
5 46 394
5 49 723
5 54 333
5 58 265
5 60 968
5 70 847
5 74 223
5 79 392
5 80 476
5 93 490
6 7 848
6 10 514
6 21 376
6 23 622
6 24 479
6 26 692
6 29 105
6 39 649
6 47 484
6 50 246
6 59 710
6 65 585
6 69 29
6 80 5
6 81 918
6 86 904
6 94 980
6 95 46
6 99 977
6 100 720
7 13 790
7 22 951
7 26 210
7 53 605
7 56 134
7 60 230
7 65 837
7 66 476
7 71 225
7 75 938
7 76 567
7 83 230
7 85 832
7 88 8
7 92 66
7 100 287
8 16 76
8 18 76
8 24 984
8 27 151
8 42 313
8 45 169
8 49 890
8 56 64
8 61 505
8 67 796
8 70 684
8 74 874
8 77 633
8 80 110
8 86 783
8 94 592
9 16 9
9 17 796
9 22 442
9 24 997
9 25 137
9 30 457
9 43 455
9 47 101
9 62 359
9 63 887
9 70 218
9 76 368
9 78 276
9 80 574
9 86 695
9 87 872
9 90 982
9 95 589
9 98 606
9 100 140
10 11 681
10 22 348
10 24 287
10 34 354
10 38 129
10 46 854
10 48 972
10 53 214
10 59 380
10 60 561
10 69 930
10 79 676
10 88 125
10 96 542
10 100 297
11 22 686
11 25 424
11 26 366
11 27 426
11 28 495
11 31 748
11 36 445
11 37 129
11 38 780
11 42 632
11 44 634
11 47 41
11 63 746
11 64 212
11 68 504
11 69 656
11 77 802
11 82 134
11 83 820
11 86 59
11 88 681
11 89 899
11 93 770
12 15 54
12 18 965
12 19 299
12 27 632
12 33 488
12 34 138
12 42 708
12 44 217
12 48 912
12 52 366
12 54 373
12 67 921
12 68 741
12 75 851
12 78 271
12 88 775
12 95 594
13 17 673
13 18 401
13 20 178
13 23 347
13 24 939
13 25 294
13 26 148
13 36 306
13 39 250
13 40 33
13 45 472
13 52 171
13 53 394
13 61 494
13 66 461
13 67 139
13 74 969
13 77 376
13 84 123
13 98 696
14 18 691
14 32 852
14 33 488
14 36 203
14 43 96
14 47 550
14 58 495
14 63 515
14 67 808
14 68 460
14 70 766
14 74 455
14 88 544
14 92 541
14 99 731
15 20 859
15 22 676
15 28 885
15 30 784
15 31 831
15 33 231
15 45 932
15 46 137
15 47 695
15 48 361
15 59 644
15 75 220
15 86 712
15 90 436
15 93 826
15 95 360
16 19 191
16 22 893
16 31 138
16 38 294
16 45 63
16 47 241
16 48 659
16 49 478
16 52 665
16 67 17
16 73 941
16 79 874
16 84 232
16 88 540
16 89 361
16 92 965
16 99 204
16 100 768
17 20 339
17 25 751
17 27 798
17 38 207
17 40 271
17 41 204
17 50 351
17 55 743
17 64 986
17 70 844
17 74 139
17 79 507
17 85 443
17 89 990
17 91 2
17 94 920
17 99 570
18 21 787
18 23 997
18 24 696
18 36 316
18 37 714
18 38 642
18 44 409
18 48 154
18 49 489
18 53 106
18 56 973
18 57 328
18 60 141
18 64 432
18 65 841
18 69 77
18 76 269
18 84 292
18 88 625
18 90 814
18 91 121
18 93 643
18 99 476
19 21 826
19 24 578
19 26 406
19 27 285
19 38 121
19 44 422
19 48 233
19 63 351
19 64 378
19 75 168
19 82 195
19 84 992
19 92 690
19 93 373
19 94 587
19 96 271
19 97 842
19 99 384
20 32 458
20 33 542
20 40 885
20 42 555
20 56 49
20 57 616
20 61 919
20 62 590
20 63 744
20 69 596
20 71 204
20 85 335
20 86 137
20 88 691
20 89 981
20 90 686
20 93 706
20 100 964
21 23 877
21 25 415
21 37 322
21 45 909
21 46 585
21 50 985
21 53 543
21 54 250
21 61 678
21 70 674
21 71 756
22 25 52
22 43 593
22 44 238
22 47 284
22 48 248
22 49 825
22 50 952
22 55 828
22 59 749
22 60 971
22 61 544
22 64 56
22 68 632
22 74 334
22 86 21
23 24 631
23 28 383
23 31 294
23 44 205
23 51 737
23 66 875
23 71 333
23 83 377
23 84 520
23 85 843
23 87 859
23 90 784
23 91 974
23 92 949
24 31 274
24 39 910
24 41 109
24 42 678
24 55 159
24 56 518
24 59 579
24 60 209
24 62 820
24 70 464
24 75 897
24 77 99
24 81 615
24 83 672
24 94 281
24 96 399
25 31 910
25 32 545
25 33 915
25 48 22
25 62 896
25 68 175
25 70 975
25 72 264
25 80 880
25 84 839
25 87 253
25 89 243
25 91 595
25 99 202
25 100 816
26 37 72
26 45 15
26 48 466
26 58 73
26 61 189
26 63 86
26 66 38
26 70 527
26 73 412
26 76 188
26 77 864
26 88 384
26 89 310
26 93 122
26 94 823
26 98 1
27 31 317
27 34 128
27 38 500
27 39 316
27 50 424
27 53 53
27 57 105
27 65 588
27 68 975
27 71 407
27 72 151
27 73 870
27 84 304
27 91 476
27 92 255
27 97 39
27 99 597
28 45 124
28 48 287
28 54 487
28 55 781
28 56 525
28 61 599
28 65 952
28 67 725
28 69 761
28 70 184
28 72 48
28 78 621
28 85 284
28 87 97
28 93 417
29 30 504
29 33 24
29 36 644
29 43 783
29 46 322
29 47 614
29 48 370
29 50 309
29 51 930
29 60 361
29 62 365
29 68 962
29 71 252
29 75 64
29 78 510
29 80 873
29 81 782
29 92 612
29 95 655
29 100 541
30 32 843
30 39 670
30 42 917
30 49 340
30 51 27
30 61 491
30 62 301
30 63 524
30 76 534
30 81 743
30 92 700
30 94 578
31 33 47
31 38 154
31 40 701
31 42 991
31 52 193
31 54 291
31 57 877
31 60 347
31 73 854
31 75 317
31 76 260
31 78 541
31 91 414
31 92 790
31 93 806
31 98 525
32 42 955
32 44 915
32 45 952
32 49 424
32 50 177
32 55 618
32 58 716
32 64 181
32 65 477
32 76 957
32 77 525
32 79 883
32 80 112
32 82 967
32 94 223
32 95 62
33 40 748
33 48 196
33 65 343
33 73 952
33 84 200
33 94 890
33 95 270
34 42 437
34 46 594
34 48 530
34 57 866
34 64 971
34 71 104
34 75 168
34 84 20
34 89 87
34 92 223
34 93 996
35 40 216
35 44 49
35 50 869
35 53 639
35 57 37
35 69 848
35 70 126
35 72 642
35 75 472
35 77 719
35 84 218
35 87 101
35 89 921
35 90 986
36 46 357
36 47 260
36 50 569
36 59 186
36 63 119
36 66 428
36 74 594
36 82 932
36 96 702
36 98 251
37 38 403
37 43 618
37 50 497
37 55 681
37 58 266
37 61 844
37 80 329
37 81 969
37 82 581
37 85 237
37 86 123
37 88 484
37 90 256
37 93 929
37 95 888
38 41 918
38 43 189
38 46 132
38 65 320
38 74 237
38 77 959
38 94 605
39 43 967
39 44 407
39 52 511
39 56 437
39 57 828
39 61 295
39 62 393
39 65 609
39 66 92
39 74 486
39 76 686
39 77 580
39 88 690
39 96 493
39 98 811
40 42 747
40 47 177
40 54 382
40 76 451
40 80 463
40 82 429
40 84 91
40 86 780
40 87 991
40 90 165
40 95 526
41 48 402
41 57 609
41 59 536
41 78 378
41 80 493
41 82 683
41 93 221
41 94 847
41 95 759
42 46 309
42 50 228
42 58 357
42 62 447
42 63 435
42 64 172
42 65 142
42 69 532
42 70 476
42 71 920
42 72 703
42 75 875
42 78 226
42 82 72
42 83 109
42 85 112
42 89 491
42 92 902
42 94 444
42 98 216
42 99 146
42 100 706
43 51 202
43 60 837
43 62 184
43 67 836
43 74 833
43 76 249
43 87 109
43 92 44
43 93 628
43 95 389
43 99 908
43 100 542
44 55 873
44 70 741
44 72 707
44 91 102
44 93 480
45 49 561
45 53 835
45 56 177
45 57 439
45 58 378
45 60 102
45 68 345
45 78 670
45 82 681
45 85 893
45 88 198
45 94 828
45 96 307
46 52 5
46 59 740
46 75 715
46 76 557
46 84 116
46 88 927
46 94 208
46 97 314
47 52 103
47 54 94
47 55 462
47 58 598
47 59 483
47 67 141
47 68 922
47 71 956
47 72 41
47 74 152
47 77 875
47 80 240
47 84 663
47 86 566
47 99 512
48 60 977
48 64 989
48 65 822
48 71 104
48 73 295
48 75 952
48 84 896
48 86 677
48 98 155
49 51 347
49 55 229
49 61 704
49 62 461
49 64 744
49 73 328
49 83 651
49 96 385
49 97 964
49 98 328
49 100 330
50 51 339
50 61 650
50 64 948
50 80 297
50 86 765
50 88 291
51 55 600
51 71 929
51 86 351
51 89 583
51 97 942
51 99 759
52 53 141
52 59 321
52 67 400
52 70 103
52 76 164
52 77 511
52 83 206
52 85 896
52 87 242
52 89 281
53 62 919
53 67 255
53 82 633
53 87 619
53 94 911
53 98 561
54 56 201
54 61 404
54 63 767
54 70 114
54 72 625
54 79 994
54 83 834
54 86 81
54 93 839
54 94 989
54 96 803
55 61 385
55 71 235
55 76 100
55 79 190
55 82 2
56 57 796
56 63 912
56 66 818
56 68 217
56 69 534
56 78 963
56 86 373
56 89 808
56 92 633
57 62 567
57 67 380
57 70 243
57 71 71
57 75 911
57 76 392
57 82 283
57 87 578
57 91 794
57 94 401
57 98 951
57 100 333
58 71 735
58 72 832
58 74 244
58 79 573
58 82 812
58 83 859
58 89 296
59 67 61
59 72 311
59 74 221
59 96 131
60 65 43
60 68 132
60 69 912
60 74 883
60 75 360
60 88 878
60 91 691
60 94 398
61 65 64
61 66 130
61 68 443
61 78 665
61 85 898
61 96 977
62 64 623
62 69 440
62 72 244
62 77 434
62 84 632
62 87 105
62 89 81
62 96 178
63 64 593
63 71 599
63 79 352
63 84 76
63 85 420
63 86 817
63 89 753
63 92 84
64 69 264
64 70 739
64 79 365
64 87 116
64 88 343
64 94 931
64 96 821
64 99 477
64 100 720
65 71 186
65 85 512
65 89 67
65 92 614
65 95 772
65 96 893
66 72 309
66 73 804
66 77 556
66 81 203
66 85 188
66 88 440
67 69 823
67 88 266
67 96 132
68 78 898
68 80 427
68 82 640
68 99 974
69 75 857
69 85 816
69 87 124
69 95 211
69 97 439
69 99 923
70 100 950
71 88 931
71 90 267
71 92 373
71 94 866
71 96 776
72 76 254
72 81 55
72 82 28
72 88 316
72 89 741
72 90 96
73 78 773
73 82 465
73 86 505
73 88 27
73 93 701
73 94 999
73 96 702
73 98 477
73 100 863
74 77 220
74 78 213
74 80 287
74 83 596
74 86 156
74 92 380
74 93 161
74 97 960
75 79 797
75 83 419
75 98 218
75 100 661
76 77 146
76 86 178
76 91 74
76 93 637
76 94 668
76 100 386
77 81 748
77 82 585
77 84 415
77 85 6
77 94 567
78 79 215
78 80 101
78 88 881
78 96 935
78 97 323
78 98 984
78 99 73
79 81 433
79 84 243
79 89 746
79 92 254
79 94 386
79 96 542
79 100 463
80 82 15
80 83 897
80 91 146
81 84 326
81 88 166
81 91 793
81 92 458
81 96 129
81 98 878
82 90 413
82 93 125
82 98 696
82 99 39
84 88 635
84 90 411
84 94 409
85 96 617
85 97 151
86 87 910
86 93 52
86 95 911
86 100 499
87 91 770
87 97 805
87 100 123
88 90 192
88 93 239
88 94 315
89 90 817
89 96 925
89 99 408
90 93 697
90 97 122
90 99 730
91 97 982
92 97 702
93 99 271
94 97 759
94 100 49
95 100 890
96 100 824